-95.6351 29.6918 1.4 ALEF
-95.2776 29.4007 0.75 ALVN
-95.4851 29.3015 0.25 ANG5
-95.7447 29.9978 0.75 AULT
-95.6319 29.9192 1.83 CFHS
-95.5558 29.8817 2.35 CFJV
-95.5426 29.6703 1.7 COH1
-95.4116 29.6285 1.95 COH2
-95.263 29.6435 2.2 COH3
-95.2152 29.7832 2.25 COH4
-95.275 29.8445 2.05 COH5
-95.1848 30.0397 0.8 COH6
-95.4966 29.8773 2.07 COH7
-94.9982 29.3938 1.23 COTM
-95.5107 29.7956 2.02 CSTE
-95.258 29.5104 1.4 DEN1
-95.5837 29.6227 1.45 DMFB
-95.6305 29.5562 0.93 FSFB
-94.7368 29.3299 0.35 GAL1
-95.5281 30.1973 0.46 GSEC
-95.562 29.7884 2.02 HCC2
-95.7157 29.7549 1.12 HPEK
-95.4696 29.8004 2.03 HSMN
-94.8905 30.0454 0.46 JGS2
-95.5949 29.8503 2.12 KKES
-95.924 29.926 0.32 KPCS
-96.6019 30.1824 0.09 LCBR
-95.4425 29.8075 2 LCI1
-96.77883 30.08948 0.02 LDBT
-95.5952 29.7714 1.8 MDWD
-95.2757 29.6075 1.98 ME01
-95.2396 29.6581 2.33 MEPD
-95.7452 29.8041 1.15 MRHK
-94.79173 29.31054 0.36 N301
-96.4671 30.6664 0.09 NBRY
-95.8033 29.725 0.8 OKEK
-95.1522 29.5386 1.66 P000
-95.6166 29.9119 2.3 P001
-95.4159 30.0007 1.75 P002
-95.6134 29.8208 2.05 P003
-95.5969 29.6304 1.46 P004
-95.5859 29.7912 2 P005
-95.6719 29.8185 1.55 P006
-95.5767 29.9363 2.13 P007
-95.4763 29.9797 1.79 P008
-95.0715 30.0381 0.55 P009
-95.7992 29.5664 0.31 P010
-95.8652 30.0322 0.25 P011
-95.2631 30.0597 0.83 P012
-95.49 30.1948 0.6 P013
-95.6441 29.4737 0.51 P014
-95.5272 29.5445 1.06 P016
-95.6153 30.0912 0.8 P017
-95.6782 29.9649 1.16 P018
-95.8054 29.8411 0.8 P019
-95.0132 29.5329 1.53 P020
-95.3121 29.5455 1.3 P021
-95.0207 29.3345 0.8 P022
-94.9178 29.3351 0.88 P023
-95.0408 29.6688 2.13 P024
-94.9383 29.2103 0.38 P026
-95.0156 29.5831 1.75 P027
-94.9176 29.7512 1.65 P028
-95.8222 29.769 0.95 P029
-95.9019 29.6893 0.39 P030
-95.8484 29.398 0.1 P031
-95.7073 29.5406 0.5 P032
-95.2236 29.4899 1.35 P033
-95.0417 29.4222 1.15 P034
-95.0824 29.4726 1.31 P035
-94.9416 29.4942 0.89 P036
-95.101 29.6307 2.2 P037
-95.223 29.6493 2.3 P038
-95.3393 29.6453 2 P039
-95.4625 29.4933 0.9 P040
-95.4755 29.6619 2.03 P041
-95.6354 29.7325 1.32 P042
-95.6869 29.8801 1.55 P044
-95.3855 29.8759 2 P045
-95.6001 30.03 1.1 P046
-95.4235 30.0896 1.07 P047
-95.6717 30.0454 0.75 P048
-94.7015 29.4225 0.42 P049
-94.856 29.8483 0.7 P050
-95.2842 29.9325 1.7 P051
-95.1767 29.852 1.8 P052
-95.0573 29.908 1.09 P053
-95.0344 29.8015 2.38 P054
-95.1772 29.7942 2.3 P055
-95.8168 29.9026 0.63 P056
-95.7218 29.6841 0.85 P057
-95.7149 29.4848 0.34 P058
-95.7404 29.6167 0.61 P059
-95.8196 29.6859 0.6 P060
-95.9724 29.6754 0.25 P061
-95.9742 29.5933 0.2 P062
-95.5474 29.5079 0.75 P063
-95.1069 30.1065 0.55 P065
-95.7667 30.0172 0.65 P066
-95.8548 29.5318 0.25 P067
-95.5868 30.1848 0.5 P068
-95.4589 30.199 0.6 P069
-95.4243 30.2911 0.35 P070
-95.5789 30.353 0.3 P071
-95.2425 30.147 0.65 P072
-95.7302 30.1934 0.3 P073
-95.2312 29.7356 2.24 P074
-95.0455 29.3609 0.88 P076
-95.8504 29.979 0.38 P077
-96.0157 29.7387 0.25 P078
-95.1651 29.5781 2.08 P080
-95.1698 29.5558 1.89 P081
-95.7314 29.2957 0.16 P082
-95.1815 29.2624 0.45 P083
-95.3703 29.2969 0.26 P084
-95.2782 29.3426 0.46 P085
-95.4585 29.2577 0.14 P086
-95.4379 29.4456 0.7 P088
-95.4932 29.7832 2.05 P091
-95.5008 29.8814 2.05 P092
-95.1974 29.4168 0.82 P093
-95.524 29.7217 1.97 P094
-95.2944 29.8079 2.05 P095
-95.847 29.785 0.9 P097
-95.8199 29.8032 0.9 P098
-95.5786 29.9864 1.4 P099
-95.1982 29.9341 1.25 P100
-95.4205 29.3698 0.51 P104
-95.4157 29.4918 0.88 P105
-95.3996 29.5524 1.37 P106
-95.1206 29.7717 2.9 P108
-95.0216 29.9865 0.62 P109
-95.4425 29.5482 1.35 P110
-95.8734 29.7331 0.9 P111
-95.4201 29.2009 0.15 P112
-95.6418 29.388 0.35 P113
-95.5132 29.5915 1.6 P114
-95.5106 30.199 0.5 PWES
-95.4947 29.8104 1.95 RDCT
-95.5268 30.0724 0.9 ROD1
-95.5137 29.4842 0.73 RPFB
-95.4296 29.9875 1.55 SESG
-95.4301 30.0536 1.1 SHSG
-96.1739 29.7622 0.15 SISD
-95.515 29.8019 2 SPBH
-94.817 29.3141 0.48 TDAM
-95.3399 29.714 1.93 THSU
-95.3952 29.7023 1.94 TMCC
-95.48 29.8063 2 TSFT
-95.123 29.673 2.6 TSI1
-94.6715 29.7778 0.32 TXAC
-95.242 29.4031 0.78 TXAV
-94.9374 29.7569 1.86 TXB6
-95.9455 29.7858 0.3 TXBH
-96.3705 30.6858 0 TXBY
-96.5725 29.7035 0.05 TXCF
-96.5773 29.7028 0 TXCM
-95.4412 30.349 0.45 TXCN
-95.0936 30.3351 0.1 TXCV
-95.6259 30.0964 0.65 TXCY
-96.634 28.9682 0.08 TXED
-95.227 29.611 2.1 TXET
-94.7726 29.3279 0.45 TXGA
-94.7893 29.2851 0.34 TXGV
-94.3909 29.5635 0 TXHD
-96.0635 30.099 0.23 TXHE
-95.5555 29.7161 1.8 TXHS
-95.433 29.7794 2 TXHU
-95.55259 30.72071 0.08 TXHV
-94.391 29.563 0.14 TXH2
-94.3324 30.3955 0.05 TXKO
-95.8294 29.822 0.83 TXKY
-95.085 29.491 1.63 TXLC
-94.771 30.0559 0.1 TXLI
-95.0237 29.3922 1.2 TXLM
-94.9529 29.358 2 TXLQ
-95.915 30.96 0 TXMD
-96.0667 30.3816 0.11 TXNV
-93.95293 29.94742 0.08 TXPT
-96.6185 28.6382 0.09 TXPV
-95.8285 29.5425 0.15 TXRN
-95.8053 29.5192 0.27 TXRS
-93.89723 29.73094 0.08 TXSP
-95.2974 29.8975 1.95 TXTG
-96.9096 28.83493 0.08 TXVA
-96.1118 29.3246 0.1 TXWH
-94.3715 29.8058 0.15 TXWI
-95.0439 29.3904 1.1 UHC0
-95.1042 29.5777 1.9 UHCL
-95.7568 29.7281 0.95 UHCR
-95.3594 29.766 2.06 UHDT
-96.066 29.5263 0.15 UHEB
-95.3271 29.7195 2 UHEP
-95.4831 30.2363 0.45 UHJF
-95.4025 29.7192 1.99 UHRI
-95.6515 29.5747 0.85 UHSL
-94.9784 30.0576 0.45 UHWL
-95.345 29.722 1.95 UH01
-95.5678 29.7859 1.88 UTEX
-95.5814 29.7828 2 WCHT
-95.5331 29.7904 2.02 WDVW
-95.2287 29.6877 2.45 WEPD
-95.5054 30.1943 0.6 WHCR
-95.4695 30.11 0.75 YORS
-95.3314 29.9619 1.65 ZHU1
-94.895 29.4163 0.94 TXCityEX
-95.1458 29.9135 1.09 LKHUEX
-95.4508 29.727 2 SWestEX
-95.334 29.7909 2.1 NEastEX
-95.1593 29.7102 2.85 PasadenaEX
-95.0306 29.7578 2.67 BaytownEX
-95.2741 29.7017 2.29 EastEndEX
-97.7478 29.7242 0.95 FortBendEX
-95.5861 29.7907 1.95 AddicsEX
#-95.1189 29.5634 05 1.8
#-95.096 29.551 1.65 NASAEX
-95.0215 29.5648 1.71 SeaBrookEX
