-95.586 29.791 -0.8 ADKS
-95.635 29.692 -4.7 ALEF
-95.485 29.301 -2.5 ANG5
-95.485 29.302 -2.0 ANG6
-95.745 29.998 -11.0 AULT
-95.632 29.919 -10.8 CFHS
-95.556 29.882 -7.4 CFJV
-95.729 29.681 -4.3 CMFB
-95.412 29.629 1.8 COH2
-95.185 30.040 -3.1 COH6
-94.998 29.394 -0.1 COTM
-95.511 29.796 -1.9 CSTE
-95.258 29.510 -2.0 DEN1
-95.254 29.505 -0.6 DEN2
-95.255 29.494 -1.3 DEN3
-95.230 29.500 0.0 DEN4
-95.740 29.289 2.1 DISD
-95.584 29.623 -6 DMFB
-95.404 29.014 1.1 DWI1
-95.630 29.556 -3.1 FSFB
-95.528 30.197 -9.1 GSEC
-95.561 29.788 -4.4 HCC1
-95.562 29.788 -4.1 HCC2
-95.716 29.755 -16 HPEK
-95.470 29.800 -1.6 HSMN
-94.891 30.045 3.4 JGS2
-95.595 29.850 -10.9 KKES
-95.924 29.926 -2.2 KPCD
-95.924 29.926 -1.5 KPCS
-96.602 30.182 -0.4 LCBR
-95.442 29.807 0.3 LCI1
-94.075 30.045 0.4 LGC1
-95.146 29.913 1.5 LKHU
-95.595 29.771 -5.4 MDWD
-95.240 29.658 2.3 MEPD
-95.745 29.804 -16.5 MRHK
-94.792 29.311 1.5 N301
-95.096 29.552 1.7 NASA
-96.467 30.666 -1.0 NBRY
-95.334 29.791 -0.8 NETP
-95.803 29.725 -9.2 OKEK
-95.198 29.934 -0.6 P100
-95.378 28.945 -1.0 P101
-95.311 29.151 -2.7 P103
-95.421 29.370 -1.0 P104
-95.416 29.492 -7.0 P105
-95.400 29.552 -6.8 P106
-95.459 29.157 2.0 P107
-95.121 29.772 -1.9 P108
-95.022 29.986 2.0 P109
-95.442 29.548 -19.2 P110
-95.873 29.733 -31.8 P111
-95.152 29.539 -0.1 PA00
-95.617 29.912 -1.5 PA01
-95.416 30.001 -11.4 PA02
-95.613 29.821 -6.1 PA03
-95.597 29.630 -6.9 PA04
-95.586 29.791 -6.1 PA05
-95.672 29.818 0.2 PA06
-95.577 29.936 1.9 PA07
-95.476 29.980 -11.4 PA08
-95.071 30.038 -2 PA09
-95.799 29.566 3.1 PA10
-95.865 30.032 -2 PA11
-95.263 30.060 -9.9 PA12
-95.490 30.195 -7.8 PA13
-95.644 29.474 0.7 PA14
-95.527 29.544 -0.9 PA16
-95.615 30.091 -12 PA17
-95.678 29.965 -3.4 PA18
-95.805 29.841 -12.3 PA19
-95.013 29.533 1.0 PA20
-95.312 29.545 -2.3 PA21
-95.021 29.335 0.5 PA22
-94.918 29.335 2.6 PA23
-95.041 29.669 2.7 PA24
-94.938 29.210 1.0 PA26
-95.016 29.583 1.0 PA27
-94.918 29.751 0.8 PA28
-95.822 29.769 -20.3 PA29
-95.902 29.689 -5.1 PA30
-95.848 29.398 1.4 PA31
-95.707 29.541 1.0 PA32
-95.224 29.490 -0.9 PA33
-95.042 29.422 -2.0 PA34
-95.082 29.473 1.6 PA35
-94.942 29.494 2.1 PA36
-95.101 29.631 2.0 PA37
-95.223 29.649 1.9 PA38
-95.339 29.645 -0.2 PA39
-95.462 29.493 -5.0 PA40
-95.476 29.662 -2.9 PA41
-95.635 29.732 -1.1 PA42
-95.111 29.093 0.3 PA43
-95.687 29.880 -6.2 PA44
-95.385 29.876 -2.3 PA45
-95.600 30.030 -7.6 PA46
-95.424 30.090 -18.3 PA47
-95.672 30.045 -6 PA48
-94.702 29.422 -3.2 PA49
-94.856 29.848 -1.5 PA50
-95.284 29.933 -4.9 PA51
-95.177 29.852 -0.4 PA52
-95.057 29.908 -2.7 PA53
-95.034 29.801 -1.0 PA54
-95.177 29.794 0.2 PA55
-95.817 29.903 -0.6 PA56
-95.722 29.684 -5.1 PA57
-95.715 29.485 -0.2 PA58
-95.740 29.617 -1.3 PA59
-95.820 29.686 -5.8 PA60
-95.972 29.675 0.7 PA61
-95.974 29.593 -0.6 PA62
-95.547 29.508 1.1 PA63
-95.107 30.106 1.9 PA65
-95.767 30.017 -5.9 PA66
-95.855 29.532 0.7 PA67
-95.587 30.185 -11.9 PA68
-95.459 30.199 -10.9 PA69
-95.424 30.291 -6 PA70
-95.579 30.353 -3.7 PA71
-95.242 30.147 -6.4 PA72
-95.730 30.193 -7.9 PA73
-95.231 29.736 4.2 PA74
-95.031 29.758 1.5 PA75
-95.045 29.361 -2.7 PA76
-95.850 29.979 -3.4 PA77
-96.016 29.739 -0.3 PA78
-95.471 29.035 -1.6 PA79
-95.165 29.578 2.2 PA80
-95.170 29.556 0.2 PA81
-95.731 29.296 2.1 PA82
-95.182 29.262 0.1 PA83
-95.370 29.297 6.0 PA84
-95.278 29.343 -0.3 PA85
-95.458 29.258 8.8 PA86
-95.677 29.058 -0.6 PA87
-95.438 29.446 -5.0 PA88
-95.799 29.566 0.4 PA89
-95.160 29.710 0.9 PA90
-95.493 29.783 1.2 PA91
-95.501 29.881 -2.8 PA92
-95.197 29.417 1 PA93
-95.524 29.722 -1.0 PA94
-95.294 29.808 1.0 PA95
-95.748 29.724 -13.3 PA96
-95.847 29.785 -15.6 PA97
-95.820 29.803 -17.7 PA98
-95.579 29.986 -6.8 PA99
-95.511 30.199 -13.1 PWES
-95.495 29.810 -2.1 RDCT
-95.527 30.072 -10.8 ROD1
-95.514 29.484 -0.1 RPFB
-95.430 29.987 -9.4 SESG
-95.430 30.054 -14.2 SHSG
-96.174 29.762 0.4 SISD
-95.515 29.802 -2.9 SPBH
-94.817 29.314 0.6 TDAM
-95.340 29.714 2.2 THSU
-95.395 29.702 0.3 TMCC
-95.480 29.806 -7.3 TSFT
-94.671 29.778 1.0 TXAC
-95.419 29.164 -1.1 TXAG
-95.242 29.403 -1.0 TXAV
-94.181 30.161 2.7 TXB1
-94.192 30.090 -1.5 TXB2
-95.972 29.000 -0.6 TXBC
-95.946 29.786 -3.2 TXBH
-94.180 30.162 -1.9 TXBM
-96.573 29.704 0.4 TXC5
-96.573 29.704 0.3 TXCF
-95.436 31.323 1.5 TXCK
-96.577 29.703 0.8 TXCM
-95.441 30.349 -7.8 TXCN
-95.094 30.335 -4.2 TXCV
-95.626 30.096 -10.8 TXCY
-96.634 28.968 0.5 TXED
-95.119 29.564 2.4 TXEX
-94.773 29.328 -1.2 TXGA
-95.136 31.061 2.7 TXGN
-96.602 30.893 1.9 TXH1
-94.391 29.563 2.4 TXH2
-96.063 30.099 0.8 TXHE
-93.865 31.334 4.6 TXHP
-95.556 29.716 -5.6 TXHS
-94.332 30.395 1.6 TXKO
-94.718 31.356 0.8 TXLF
-94.771 30.056 1.3 TXLI
-95.024 29.392 -3.9 TXLM
-94.953 29.358 1.9 TXLQ
-94.922 30.745 -1.0 TXLV
-95.915 30.960 1.8 TXMD
-95.964 28.983 -0.5 TXMG
-93.775 30.848 1.4 TXNE
-96.067 30.382 0.3 TXNV
-95.042 29.668 2.5 TXP5
-96.619 28.638 -0.0 TXPV
-95.829 29.543 0.4 TXRN
-95.805 29.519 -3.8 TXRS
-93.897 29.731 2.8 TXSP
-95.297 29.898 -1.1 TXTG
-96.910 28.835 -0.3 TXVA
-96.958 28.834 3.1 TXVC
-96.112 29.325 0.7 TXWH
-94.371 29.806 0.9 TXWI
-96.092 29.329 0.6 TXWN
-94.424 30.782 1.1 TXWO
-95.345 29.722 3.1 UH01
-95.457 30.315 -8.0 UH02
-95.044 29.390 -1.5 UHC3
-95.104 29.578 2.0 UHCL
-95.757 29.728 -9.4 UHCR
-95.359 29.766 2.6 UHDT
-96.066 29.526 0.0 UHEB
-95.327 29.719 2.7 UHEP
-95.483 30.236 -6.0 UHF1
-95.483 30.236 -6.7 UHJF
-95.748 29.724 -5.2 UHKD
-95.748 29.724 -3.9 UHKS
-94.978 30.058 0.3 UHL1
-95.403 29.719 0.8 UHRI
-95.652 29.575 -0.1 UHSL
-94.978 30.058 -1.0 UHWL
-95.568 29.786 -3.0 UTEX
-95.581 29.783 -4.6 WCHT
-95.533 29.790 -2.9 WDVW
-95.229 29.688 2.9 WEPD
-95.505 30.194 -9.5 WHCR
-95.469 30.110 -12.9 YORS
-95.331 29.962 -6.1 ZHU1
