-95.5864	29.7910	-38	Addicks
-95.6351	29.6918	-25	ALEF
-95.2776	29.4007	-11	ALVN
-95.4851	29.3015	-8	ANG5
-95.4849	29.3017	-8	ANG6
-95.7447	29.9978	-40	AULT
-95.6319	29.9192	-65	CFHS
-95.5558	29.8817	-20	CFJV
-95.5426	29.6703	-12	COH1
-95.4116	29.6285	-5	COH2
-95.2630	29.6435	4	COH3
-95.2152	29.7832	7	COH4
-95.2750	29.8445	5	COH5
-95.1848	30.0397	-15	COH6
-95.4966	29.8773	-30	COH7
-94.9982	29.3938	-5	COTM
-95.5107	29.7956	-25	CSTE
-95.2580	29.5104	-8	DEN1
-95.7404	29.2893	-2	DISD
-95.5837	29.6227	-25	DMFB
-95.4037	29.0136	-5	DWI1
-95.6305	29.5562	-10	FSFB
-94.7368	29.3299	-6	GAL1
-94.7368	29.3299	-6	GAL7
-95.7157	29.7549	-30	HPEK
-95.4696	29.8004	-20	HSMN
-94.8905	30.0454	-6	JGS2
-95.5949	29.8503	-45	KKES
-95.9240	29.9260	-13	KPCS
-96.6019	30.1824	-3	LCBR
-95.4425	29.8075	-20	LCI1
-94.0746	30.0446	0	LGC1
-95.1458	29.9135	-5	LKHU
-95.5952	29.7714	-35	MDWD
-95.2757	29.6075	-2	ME01
-95.2396	29.6581	3	MEPD
-95.7452	29.8041	-45	MRHK
-94.79173	29.31054	-6	N301
-95.0962	29.5520	-6	NASA
-96.4671	30.6664	-0	NBRY
-95.3342	29.7912	-5.5	NETP
-95.8033	29.7250	-30	OKEK
-95.1522	29.5386	1	P000
-95.6166	29.9119	-72	P001
-95.4159	30.0007	-65	P002
-95.6134	29.8208	-55	P003
-95.5969	29.6304	-28	P004
-95.6719	29.8185	-50	P006
-95.5767	29.9363	-70	P007
-95.4763	29.9797	-55	P008
-95.0715	30.0381	-4	P009
-95.7992	29.5664	-13	P010
-95.8652	30.0322	-15	P011
-95.2631	30.0597	-15	P012
-95.4900	30.1948	-40	P013
-95.6441	29.4737	-9	P014
-95.5272	29.5445	-15	P016
-95.6153	30.0912	-55	P017
-95.6782	29.9649	-55	P018
-95.8054	29.8411	-30	P019
-95.0132	29.5329	2	P020
-95.3121	29.5455	-10	P021
-95.0207	29.3345	-8	P022
-94.9178	29.3351	-5	P023
-95.0408	29.6688	0	P024
-94.9383	29.2103	-4	P026
-95.0156	29.5831	-8	P027
-94.9176	29.7512	-5	P028
-95.8222	29.7690	-50	P029
-95.9019	29.6893	-20	P030
-95.8484	29.3980	0	P031
-95.7073	29.5406	-8	P032
-95.2236	29.4899	-6	P033
-95.0417	29.4222	-8	P034
-95.0824	29.4726	-5	P035
-94.9416	29.4942	-5	P036
-95.1010	29.6307	5	P037
-95.2230	29.6493	6	P038
-95.3393	29.6453	5	P039
-95.4625	29.4933	-18	P040
-95.4755	29.6619	-20	P041
-95.6354	29.7325	-35	P042
-95.1106	29.0933	-4	P043
-95.6869	29.8801	-50	P044
-95.3855	29.8759	-15	P045
-95.6001	30.0300	-45	P046
-95.4235	30.0896	-55	P047
-95.6717	30.0454	-42	P048
-94.7015	29.4225	-7	P049
-94.8560	29.8483	-5	P050
-95.2842	29.9325	-25	P051
-95.1767	29.8520	-8	P052
-95.0573	29.9080	-8	P053
-95.0344	29.8015	-3	P054
-95.1772	29.7942	4	P055
-95.8168	29.9026	-25	P056
-95.7218	29.6841	-20	P057
-95.7149	29.4848	-8	P058
-95.7404	29.6167	-12	P059
-95.8196	29.6859	-25	P060
-95.9724	29.6754	-10	P061
-95.9742	29.5933	-15	P062
-95.5474	29.5079	-10	P063
-95.1069	30.1065	-23	P065
-95.7667	30.0172	-38	P066
-95.8548	29.5318	-10	P067
-95.5868	30.1848	-35	P068
-95.4589	30.1990	-40	P069
-95.4243	30.2911	-25	P070
-95.5789	30.3530	-15	P071
-95.2425	30.1470	-25	P072
-95.7302	30.1934	-25	P073
-95.2312	29.7356	7	P074
-95.0306	29.7578	-4	P075
-95.0455	29.3609	-13	P076
-95.8504	29.9790	-20	P077
-96.0157	29.7387	-7	P078
-95.4713	29.0348	-3	P079
-95.1651	29.5781	4	P080
-95.1698	29.5558	2	P081
-95.7314	29.2957	5	P082
-95.1815	29.2624	-8	P083
-95.3703	29.2969	0	P084
-95.2782	29.3426	-3	P085
-95.4585	29.2577	0	P086
-95.6768	29.0581	-3	P087
-95.4379	29.4456	-12	P088
-95.4932	29.7832	-23	P091
-95.5008	29.8814	-35	P092
-95.1974	29.4168	-8	P093
-95.5240	29.7217	-12	P094
-95.2944	29.8079	-4	P095
-95.8470	29.7850	-50	P097
-95.8199	29.8032	-45	P098
-95.5786	29.9864	-50	P099
-95.1982	29.9341	-6	P100
-95.3781	28.9446	-5	P101
-95.3112	29.1512	-5	P103
-95.4205	29.3698	-10	P104
-95.4157	29.4918	-15	P105
-95.4595	29.1567	-4	P107
-95.5106	30.1990	-35	PWES
-95.4947	29.8104	-25	RDCT
-95.5268	30.0724	-50	ROD1
-95.5137	29.4842	-6	RPFB
-95.4296	29.9875	-60	SESG
-96.3589	30.6025	0	SG32
-95.4301	30.0536	-45	SHSG
-96.1739	29.7622	-5	SISD
-95.5150	29.8019	-28	SPBH
-94.8170	29.3141	-5	TDAM
-95.3399	29.7140	2	THSU
-95.3952	29.7023	-4	TMCC
-95.4800	29.8063	-23	TSFT
-94.6715	29.7778	-5	TXAC
-95.4190	29.1642	-4	TXAG
-95.2420	29.4031	-8	TXAV
-94.1918	30.0898	-20	TXB2
-95.9724	28.9998	0	TXBC
-94.1797	30.1617	-6	TXBM
 -95.946        29.786   -15     TXBH
-96.5725	29.7035	-4	TXCF
-96.5773	29.7028	-4	TXCM
-95.4412	30.3490	-40	TXCN
-95.0936	30.3351	-15	TXCV
-95.6259	30.0964	-55	TXCY
-96.6340	28.9682	0	TXED
-95.1192	29.5637	-3	TXEX
-94.7726	29.3279	-5	TXGA
-96.0635	30.0990	-6	TXHE
-95.5555	29.7161	-20	TXHS
-95.55259	30.72071	-3	TXHV
-94.3324	30.3955	-2	TXKO
-95.8294	29.8220	-35	TXKY
-94.7710	30.0559	3	TXLI
-95.0237	29.3922	-10	TXLM
-94.9529	29.3580	-6	TXLQ
-95.9636	28.9829	3	TXMG
#-93.7750	30.8480	-2	TXNE
-96.0667	30.3816	-3	TXNV
-95.0424	29.6675	-3	TXP5
-93.95293	29.94742	-2	TXPT
-96.6185	28.6382	0	TXPV
-95.8285	29.5425	-8	TXRN
-95.8075	29.5191	-15	TXRO
-93.89723	29.73094	-4	TXSP
-95.2974	29.8975	-10	TXTG
-96.9096	28.83493	0	TXVA
-96.95838	28.83421	0	TXVC
-96.1118	29.3246	-5	TXWH
-94.3715	29.8058	-5	TXWI
-96.0921	29.3288	-3	TXWN
-94.3320	30.3950	0	TXKO
-94.4240	30.7820	0	TXWO
-95.3454	29.7225	-5	UH01
-95.4572	30.3152	-25	UH02
-95.0439	29.3904	-12	UHC0
-95.0440	29.3904	-12	UHC1
-95.0439	29.3904	-12	UHC2
-95.0439	29.3904	-12	UHC3
-95.1042	29.5777	4	UHCL
-95.7568	29.7281	-45	UHCR
-95.3594	29.7660	-4	UHDT
-96.0660	29.5263	-8	UHEB
-95.3271	29.7195	-4	UHEP
-95.4831	30.2363	-20	UHJF
-95.7481	29.7242	-40	UHKD
-95.4025	29.7192	-5	UHRI
-95.6515	29.5747	-15	UHSL
-94.9784	30.0576	-3	UHWL
-95.5678	29.7859	-35	UTEX
-95.5814	29.7828	-37	WCHT
-95.2287	29.6877	3	WEPD
-95.5054	30.1943	-38	WHCR
-95.3314	29.9619	-35	ZHU1
-95.0307	29.7578	-4	BTDeep
-95.1593	29.7102	-4	Pasadena
-95.2741	29.7017	-3	EastEnd
-95.4508	29.7270	-8	SouthWest
-95.0215	29.5648	-4	SeaBrook
-94.8950	29.4163	-3	TXCity
